t1,t2,t3,t4,CF12_34,CF13_24,CF14_23,ngenes
aphanotorulus_emarginatus19719,baryancistrus_beggini39227,hemiancistrus_cerrado66643,hemiancistrus_fuliginosus61299,0.6714701945035042,0.157847074572801,0.1706827309236948,50796.0
aphanotorulus_emarginatus19719,baryancistrus_beggini39227,hemiancistrus_cerrado66643,hemiancistrus_punctulatus60931,0.6455391377536707,0.1704152249134948,0.18404563733283458,42772.0
aphanotorulus_emarginatus19719,baryancistrus_beggini39227,hemiancistrus_fuliginosus61299,hemiancistrus_punctulatus60931,0.835316742081448,0.0826470588235294,0.08203619909502262,44200.0
aphanotorulus_emarginatus19719,hemiancistrus_cerrado66643,hemiancistrus_fuliginosus61299,hemiancistrus_punctulatus60931,0.7286989541003265,0.12637399240556924,0.1449270534941043,60044.0
baryancistrus_beggini39227,hemiancistrus_cerrado66643,hemiancistrus_fuliginosus61299,hemiancistrus_punctulatus60931,0.7268411301528486,0.12359888837424733,0.1495599814729041,43180.0
aphanotorulus_emarginatus19719,baryancistrus_beggini39227,hemiancistrus_cerrado66643,hypancistrus_sp61759,0.1666049096804076,0.2080129689671144,0.625382121352478,43180.0
aphanotorulus_emarginatus19719,baryancistrus_beggini39227,hemiancistrus_fuliginosus61299,hypancistrus_sp61759,0.17044432451879835,0.2142021946393236,0.615353480841878,44472.0
aphanotorulus_emarginatus19719,hemiancistrus_cerrado66643,hemiancistrus_fuliginosus61299,hypancistrus_sp61759,0.09266036731434656,0.09359196167154644,0.813747671014107,60112.0
baryancistrus_beggini39227,hemiancistrus_cerrado66643,hemiancistrus_fuliginosus61299,hypancistrus_sp61759,0.1693814811415986,0.1594704964669175,0.6711480223914839,43588.0
aphanotorulus_emarginatus19719,baryancistrus_beggini39227,hemiancistrus_punctulatus60931,hypancistrus_sp61759,0.1728203781512605,0.21607142857142858,0.6111081932773109,38080.0
aphanotorulus_emarginatus19719,hemiancistrus_cerrado66643,hemiancistrus_punctulatus60931,hypancistrus_sp61759,0.10211672674284837,0.09624971240125776,0.8016335608558939,52156.0
baryancistrus_beggini39227,hemiancistrus_cerrado66643,hemiancistrus_punctulatus60931,hypancistrus_sp61759,0.18057204533189422,0.16802482460874257,0.6514031300593632,37060.0
aphanotorulus_emarginatus19719,hemiancistrus_fuliginosus61299,hemiancistrus_punctulatus60931,hypancistrus_sp61759,0.05306497599039616,0.04856317527010804,0.8983718487394958,53312.0
baryancistrus_beggini39227,hemiancistrus_fuliginosus61299,hemiancistrus_punctulatus60931,hypancistrus_sp61759,0.07873503383654347,0.08292555960437273,0.8383394065590838,38420.0
hemiancistrus_cerrado66643,hemiancistrus_fuliginosus61299,hemiancistrus_punctulatus60931,hypancistrus_sp61759,0.14171295943992085,0.12860512898561755,0.7296819115744616,52564.0
aphanotorulus_emarginatus19719,baryancistrus_beggini39227,hemiancistrus_cerrado66643,hypostomus_cf_gymnorhynchus80910,0.7345075793688626,0.1314710649251597,0.1340213557059777,41956.0
aphanotorulus_emarginatus19719,baryancistrus_beggini39227,hemiancistrus_fuliginosus61299,hypostomus_cf_gymnorhynchus80910,0.6685019979555803,0.17161509153424404,0.15988291051017564,43044.0
aphanotorulus_emarginatus19719,hemiancistrus_cerrado66643,hemiancistrus_fuliginosus61299,hypostomus_cf_gymnorhynchus80910,0.22358701545134183,0.5382386825698021,0.23817430197885606,59024.0
baryancistrus_beggini39227,hemiancistrus_cerrado66643,hemiancistrus_fuliginosus61299,hypostomus_cf_gymnorhynchus80910,0.23470682202593499,0.5226461191505356,0.2426470588235294,42568.0
aphanotorulus_emarginatus19719,baryancistrus_beggini39227,hemiancistrus_punctulatus60931,hypostomus_cf_gymnorhynchus80910,0.6597222222222222,0.17521786492374727,0.1650599128540305,36720.0
aphanotorulus_emarginatus19719,hemiancistrus_cerrado66643,hemiancistrus_punctulatus60931,hypostomus_cf_gymnorhynchus80910,0.23252824308531359,0.5377873003506038,0.2296844565640826,51340.0
baryancistrus_beggini39227,hemiancistrus_cerrado66643,hemiancistrus_punctulatus60931,hypostomus_cf_gymnorhynchus80910,0.24164816870144284,0.5344894561598225,0.22386237513873475,36040.0
aphanotorulus_emarginatus19719,hemiancistrus_fuliginosus61299,hemiancistrus_punctulatus60931,hypostomus_cf_gymnorhynchus80910,0.126953125,0.1409888174019608,0.7320580575980392,52224.0
baryancistrus_beggini39227,hemiancistrus_fuliginosus61299,hemiancistrus_punctulatus60931,hypostomus_cf_gymnorhynchus80910,0.12666989872872225,0.1466009480715363,0.7267291531997414,37128.0
hemiancistrus_cerrado66643,hemiancistrus_fuliginosus61299,hemiancistrus_punctulatus60931,hypostomus_cf_gymnorhynchus80910,0.10803612783696155,0.10799752972054964,0.7839663424424889,51816.0
aphanotorulus_emarginatus19719,baryancistrus_beggini39227,hypancistrus_sp61759,hypostomus_cf_gymnorhynchus80910,0.17119155354449472,0.6170275802628744,0.2117808661926309,37128.0
aphanotorulus_emarginatus19719,hemiancistrus_cerrado66643,hypancistrus_sp61759,hypostomus_cf_gymnorhynchus80910,0.0870712401055409,0.8390113301257178,0.07391742976874127,51544.0
baryancistrus_beggini39227,hemiancistrus_cerrado66643,hypancistrus_sp61759,hypostomus_cf_gymnorhynchus80910,0.13030666812179417,0.741432936811088,0.12826039506711776,36652.0
aphanotorulus_emarginatus19719,hemiancistrus_fuliginosus61299,hypancistrus_sp61759,hypostomus_cf_gymnorhynchus80910,0.10135393559244243,0.8123613554654632,0.08628470894209439,52292.0
baryancistrus_beggini39227,hemiancistrus_fuliginosus61299,hypancistrus_sp61759,hypostomus_cf_gymnorhynchus80910,0.1587065205829167,0.6771088182108287,0.16418466120625466,37604.0
hemiancistrus_cerrado66643,hemiancistrus_fuliginosus61299,hypancistrus_sp61759,hypostomus_cf_gymnorhynchus80910,0.24328226054819835,0.2311749307052664,0.5255428087465353,51952.0
aphanotorulus_emarginatus19719,hemiancistrus_punctulatus60931,hypancistrus_sp61759,hypostomus_cf_gymnorhynchus80910,0.1034415245388096,0.8034067177166725,0.09315175774451792,45968.0
baryancistrus_beggini39227,hemiancistrus_punctulatus60931,hypancistrus_sp61759,hypostomus_cf_gymnorhynchus80910,0.16510133465150767,0.6679127533366288,0.16698591201186358,32368.0
hemiancistrus_cerrado66643,hemiancistrus_punctulatus60931,hypancistrus_sp61759,hypostomus_cf_gymnorhynchus80910,0.23991158963585435,0.23988970588235295,0.5201987044817927,45696.0
hemiancistrus_fuliginosus61299,hemiancistrus_punctulatus60931,hypancistrus_sp61759,hypostomus_cf_gymnorhynchus80910,0.7325771951009142,0.12860100051750906,0.13882180438157668,46376.0
aphanotorulus_emarginatus19719,baryancistrus_beggini39227,hemiancistrus_cerrado66643,hypostomus_cfhemicochliodon64160,0.7179164795689268,0.1376066457117198,0.1444768747193534,44540.0
aphanotorulus_emarginatus19719,baryancistrus_beggini39227,hemiancistrus_fuliginosus61299,hypostomus_cfhemicochliodon64160,0.659193899782135,0.1713507625272331,0.1694553376906318,45900.0
aphanotorulus_emarginatus19719,hemiancistrus_cerrado66643,hemiancistrus_fuliginosus61299,hypostomus_cfhemicochliodon64160,0.2466907729063085,0.4388519403370569,0.3144572867566346,61948.0
baryancistrus_beggini39227,hemiancistrus_cerrado66643,hemiancistrus_fuliginosus61299,hypostomus_cfhemicochliodon64160,0.2550426515016883,0.4346232450684201,0.3103341034298916,45016.0
aphanotorulus_emarginatus19719,baryancistrus_beggini39227,hemiancistrus_punctulatus60931,hypostomus_cfhemicochliodon64160,0.6442417037113615,0.18228574382301252,0.17347255246562596,38692.0
aphanotorulus_emarginatus19719,hemiancistrus_cerrado66643,hemiancistrus_punctulatus60931,hypostomus_cfhemicochliodon64160,0.2545768307322929,0.43787515006002403,0.3075480192076831,53312.0
baryancistrus_beggini39227,hemiancistrus_cerrado66643,hemiancistrus_punctulatus60931,hypostomus_cfhemicochliodon64160,0.2578696343402226,0.4350026497085321,0.3071277159512454,37740.0
aphanotorulus_emarginatus19719,hemiancistrus_fuliginosus61299,hemiancistrus_punctulatus60931,hypostomus_cfhemicochliodon64160,0.12265876499853673,0.13215174129353233,0.745189493707931,54672.0
baryancistrus_beggini39227,hemiancistrus_fuliginosus61299,hemiancistrus_punctulatus60931,hypostomus_cfhemicochliodon64160,0.12398976982097187,0.1374936061381074,0.7385166240409207,39100.0
hemiancistrus_cerrado66643,hemiancistrus_fuliginosus61299,hemiancistrus_punctulatus60931,hypostomus_cfhemicochliodon64160,0.1171072226358898,0.11384959046909904,0.7690431868950112,53720.0
aphanotorulus_emarginatus19719,baryancistrus_beggini39227,hypancistrus_sp61759,hypostomus_cfhemicochliodon64160,0.16709144663064532,0.6165256397186257,0.21638291365072893,39236.0
aphanotorulus_emarginatus19719,hemiancistrus_cerrado66643,hypancistrus_sp61759,hypostomus_cfhemicochliodon64160,0.08762099776619509,0.8303983618763962,0.08198064035740879,53720.0
baryancistrus_beggini39227,hemiancistrus_cerrado66643,hypancistrus_sp61759,hypostomus_cfhemicochliodon64160,0.14174908901613742,0.7195991671004685,0.13865174388339407,38420.0
aphanotorulus_emarginatus19719,hemiancistrus_fuliginosus61299,hypancistrus_sp61759,hypostomus_cfhemicochliodon64160,0.10461768350462862,0.798855601720242,0.09652671477512938,54876.0
baryancistrus_beggini39227,hemiancistrus_fuliginosus61299,hypancistrus_sp61759,hypostomus_cfhemicochliodon64160,0.16916818273701234,0.6664139882757226,0.164417828987265,39576.0
hemiancistrus_cerrado66643,hemiancistrus_fuliginosus61299,hypancistrus_sp61759,hypostomus_cfhemicochliodon64160,0.315592315110155,0.2453267561753579,0.43908092871448706,53924.0
aphanotorulus_emarginatus19719,hemiancistrus_punctulatus60931,hypancistrus_sp61759,hypostomus_cfhemicochliodon64160,0.10633968280607535,0.7929428547453218,0.10071746244860284,47668.0
baryancistrus_beggini39227,hemiancistrus_punctulatus60931,hypancistrus_sp61759,hypostomus_cfhemicochliodon64160,0.17076648841354725,0.6585561497326203,0.17067736185383245,33660.0
hemiancistrus_cerrado66643,hemiancistrus_punctulatus60931,hypancistrus_sp61759,hypostomus_cfhemicochliodon64160,0.3115302642796249,0.25031969309462915,0.438150042625746,46920.0
hemiancistrus_fuliginosus61299,hemiancistrus_punctulatus60931,hypancistrus_sp61759,hypostomus_cfhemicochliodon64160,0.7439924906132666,0.12440550688360451,0.13160200250312892,47940.0
aphanotorulus_emarginatus19719,baryancistrus_beggini39227,hypostomus_cf_gymnorhynchus80910,hypostomus_cfhemicochliodon64160,0.7032037815126051,0.14750525210084034,0.14929096638655462,38080.0
aphanotorulus_emarginatus19719,hemiancistrus_cerrado66643,hypostomus_cf_gymnorhynchus80910,hypostomus_cfhemicochliodon64160,0.2703954332375624,0.2760849841221836,0.45351958264025405,52904.0
baryancistrus_beggini39227,hemiancistrus_cerrado66643,hypostomus_cf_gymnorhynchus80910,hypostomus_cfhemicochliodon64160,0.26558186451475896,0.28655234657039713,0.4478657889148439,37672.0
aphanotorulus_emarginatus19719,hemiancistrus_fuliginosus61299,hypostomus_cf_gymnorhynchus80910,hypostomus_cfhemicochliodon64160,0.43694295900178254,0.2495172311348782,0.3135398098633393,53856.0
baryancistrus_beggini39227,hemiancistrus_fuliginosus61299,hypostomus_cf_gymnorhynchus80910,hypostomus_cfhemicochliodon64160,0.41536985164436147,0.2597261126672891,0.3249040356883494,38556.0
hemiancistrus_cerrado66643,hemiancistrus_fuliginosus61299,hypostomus_cf_gymnorhynchus80910,hypostomus_cfhemicochliodon64160,0.28181579145067986,0.42553151528810756,0.2926526932612125,53244.0
aphanotorulus_emarginatus19719,hemiancistrus_punctulatus60931,hypostomus_cf_gymnorhynchus80910,hypostomus_cfhemicochliodon64160,0.43989584222658584,0.25055493895671477,0.3095492188166994,46852.0
baryancistrus_beggini39227,hemiancistrus_punctulatus60931,hypostomus_cf_gymnorhynchus80910,hypostomus_cfhemicochliodon64160,0.42084505319799437,0.2544943133178427,0.3246606334841629,32708.0
hemiancistrus_cerrado66643,hemiancistrus_punctulatus60931,hypostomus_cf_gymnorhynchus80910,hypostomus_cfhemicochliodon64160,0.28298596158814915,0.4278270605460339,0.2891869778658169,46444.0
hemiancistrus_fuliginosus61299,hemiancistrus_punctulatus60931,hypostomus_cf_gymnorhynchus80910,hypostomus_cfhemicochliodon64160,0.770914561790134,0.12004153246312935,0.10904390574673674,47192.0
aphanotorulus_emarginatus19719,hypancistrus_sp61759,hypostomus_cf_gymnorhynchus80910,hypostomus_cfhemicochliodon64160,0.8244815911976301,0.0856961489631824,0.08982225983918747,47260.0
baryancistrus_beggini39227,hypancistrus_sp61759,hypostomus_cf_gymnorhynchus80910,hypostomus_cfhemicochliodon64160,0.7122918413801366,0.14292560201269916,0.14478255660716424,33388.0
hemiancistrus_cerrado66643,hypancistrus_sp61759,hypostomus_cf_gymnorhynchus80910,hypostomus_cfhemicochliodon64160,0.2719096334185848,0.4492753623188406,0.2788150042625746,46920.0
hemiancistrus_fuliginosus61299,hypancistrus_sp61759,hypostomus_cf_gymnorhynchus80910,hypostomus_cfhemicochliodon64160,0.43293864823866507,0.3177987527389179,0.249262599022417,47464.0
hemiancistrus_punctulatus60931,hypancistrus_sp61759,hypostomus_cf_gymnorhynchus80910,hypostomus_cfhemicochliodon64160,0.43755397754534114,0.31350158334133,0.24894443911332886,41684.0
aphanotorulus_emarginatus19719,baryancistrus_beggini39227,hemiancistrus_cerrado66643,hypostomus_faveolus27640,0.7222319628298414,0.13636363636363635,0.1414044008065223,45628.0
aphanotorulus_emarginatus19719,baryancistrus_beggini39227,hemiancistrus_fuliginosus61299,hypostomus_faveolus27640,0.6466509231429798,0.1807213396307428,0.17262773722627736,46580.0
aphanotorulus_emarginatus19719,hemiancistrus_cerrado66643,hemiancistrus_fuliginosus61299,hypostomus_faveolus27640,0.2310189649630344,0.47534554805528767,0.2936354869816779,62220.0
baryancistrus_beggini39227,hemiancistrus_cerrado66643,hemiancistrus_fuliginosus61299,hypostomus_faveolus27640,0.23972750865051903,0.4632352941176471,0.2970371972318339,46240.0
aphanotorulus_emarginatus19719,baryancistrus_beggini39227,hemiancistrus_punctulatus60931,hypostomus_faveolus27640,0.6285384460951616,0.19243123870708692,0.17903031519775145,39848.0
aphanotorulus_emarginatus19719,hemiancistrus_cerrado66643,hemiancistrus_punctulatus60931,hypostomus_faveolus27640,0.23501382764033185,0.4777262874654309,0.28725988489423726,53516.0
baryancistrus_beggini39227,hemiancistrus_cerrado66643,hemiancistrus_punctulatus60931,hypostomus_faveolus27640,0.24230179028132992,0.46941176470588236,0.2882864450127877,39100.0
aphanotorulus_emarginatus19719,hemiancistrus_fuliginosus61299,hemiancistrus_punctulatus60931,hypostomus_faveolus27640,0.12540340325656446,0.13785389467507703,0.7367427020683586,54536.0
baryancistrus_beggini39227,hemiancistrus_fuliginosus61299,hemiancistrus_punctulatus60931,hypostomus_faveolus27640,0.12283883147853736,0.13928358505564387,0.7378775834658188,40256.0
hemiancistrus_cerrado66643,hemiancistrus_fuliginosus61299,hemiancistrus_punctulatus60931,hypostomus_faveolus27640,0.11143461167569171,0.10702099250797419,0.7815443958163341,53924.0
aphanotorulus_emarginatus19719,baryancistrus_beggini39227,hypancistrus_sp61759,hypostomus_faveolus27640,0.17629699434579904,0.6156383295308006,0.20806467612340046,40324.0
aphanotorulus_emarginatus19719,hemiancistrus_cerrado66643,hypancistrus_sp61759,hypostomus_faveolus27640,0.08875064418758742,0.8331370094971656,0.078112346315247,54332.0
baryancistrus_beggini39227,hemiancistrus_cerrado66643,hypancistrus_sp61759,hypostomus_faveolus27640,0.14665798176169956,0.721314760998096,0.13202725724020442,39916.0
aphanotorulus_emarginatus19719,hemiancistrus_fuliginosus61299,hypancistrus_sp61759,hypostomus_faveolus27640,0.1073220388278921,0.7952992074456482,0.09737875372645968,55012.0
baryancistrus_beggini39227,hemiancistrus_fuliginosus61299,hypancistrus_sp61759,hypostomus_faveolus27640,0.17620053029559068,0.648531866836885,0.1752676028675243,40732.0
hemiancistrus_cerrado66643,hemiancistrus_fuliginosus61299,hypancistrus_sp61759,hypostomus_faveolus27640,0.2948318804483188,0.22617390667350376,0.47899421287817745,54604.0
aphanotorulus_emarginatus19719,hemiancistrus_punctulatus60931,hypancistrus_sp61759,hypostomus_faveolus27640,0.11190715602480308,0.7840204457851516,0.10407239819004525,47736.0
baryancistrus_beggini39227,hemiancistrus_punctulatus60931,hypancistrus_sp61759,hypostomus_faveolus27640,0.17718724916867332,0.6433035202385048,0.17950923059282192,34884.0
hemiancistrus_cerrado66643,hemiancistrus_punctulatus60931,hypancistrus_sp61759,hypostomus_faveolus27640,0.2884093031151855,0.23501824972413207,0.4765724471606825,47124.0
hemiancistrus_fuliginosus61299,hemiancistrus_punctulatus60931,hypancistrus_sp61759,hypostomus_faveolus27640,0.740383813099708,0.12726324572382144,0.1323529411764706,47940.0
aphanotorulus_emarginatus19719,baryancistrus_beggini39227,hypostomus_cf_gymnorhynchus80910,hypostomus_faveolus27640,0.6905851501439737,0.15713698066639242,0.1522778691896339,38896.0
aphanotorulus_emarginatus19719,hemiancistrus_cerrado66643,hypostomus_cf_gymnorhynchus80910,hypostomus_faveolus27640,0.2655521287799007,0.3240747705731909,0.4103731006469084,53176.0
baryancistrus_beggini39227,hemiancistrus_cerrado66643,hypostomus_cf_gymnorhynchus80910,hypostomus_faveolus27640,0.26408668730650153,0.32598039215686275,0.4099329205366357,38760.0
aphanotorulus_emarginatus19719,hemiancistrus_fuliginosus61299,hypostomus_cf_gymnorhynchus80910,hypostomus_faveolus27640,0.4540953090096798,0.24819434102755025,0.2977103499627699,53720.0
baryancistrus_beggini39227,hemiancistrus_fuliginosus61299,hypostomus_cf_gymnorhynchus80910,hypostomus_faveolus27640,0.4303565985979884,0.2590165599918724,0.3106268414101392,39372.0
hemiancistrus_cerrado66643,hemiancistrus_fuliginosus61299,hypostomus_cf_gymnorhynchus80910,hypostomus_faveolus27640,0.27840272068166527,0.38967785335226846,0.3319194259660662,53516.0
aphanotorulus_emarginatus19719,hemiancistrus_punctulatus60931,hypostomus_cf_gymnorhynchus80910,hypostomus_faveolus27640,0.45404678562281225,0.24474942371723726,0.3012037906599505,46852.0
baryancistrus_beggini39227,hemiancistrus_punctulatus60931,hypostomus_cf_gymnorhynchus80910,hypostomus_faveolus27640,0.43579121789560893,0.24804710616641024,0.31616167593798084,33796.0
hemiancistrus_cerrado66643,hemiancistrus_punctulatus60931,hypostomus_cf_gymnorhynchus80910,hypostomus_faveolus27640,0.2755791921453794,0.39113771423649984,0.33328309361812075,46444.0
hemiancistrus_fuliginosus61299,hemiancistrus_punctulatus60931,hypostomus_cf_gymnorhynchus80910,hypostomus_faveolus27640,0.7675110506630398,0.12089850391023461,0.11159044542672561,47056.0
aphanotorulus_emarginatus19719,hypancistrus_sp61759,hypostomus_cf_gymnorhynchus80910,hypostomus_faveolus27640,0.8210468736850963,0.08991837078178912,0.08903475553311453,47532.0
baryancistrus_beggini39227,hypancistrus_sp61759,hypostomus_cf_gymnorhynchus80910,hypostomus_faveolus27640,0.7050717924965262,0.14720356646595645,0.14772464103751737,34544.0
hemiancistrus_cerrado66643,hypancistrus_sp61759,hypostomus_cf_gymnorhynchus80910,hypostomus_faveolus27640,0.27036036796354124,0.4052662671955439,0.32437336484091484,47396.0
hemiancistrus_fuliginosus61299,hypancistrus_sp61759,hypostomus_cf_gymnorhynchus80910,hypostomus_faveolus27640,0.4537005957875304,0.29816648485357056,0.24813291935889906,47668.0
hemiancistrus_punctulatus60931,hypancistrus_sp61759,hypostomus_cf_gymnorhynchus80910,hypostomus_faveolus27640,0.4491171672584205,0.3020823337491603,0.24880049899241916,41684.0
aphanotorulus_emarginatus19719,baryancistrus_beggini39227,hypostomus_cfhemicochliodon64160,hypostomus_faveolus27640,0.7600048216007714,0.1225168756027001,0.11747830279652845,41480.0
aphanotorulus_emarginatus19719,hemiancistrus_cerrado66643,hypostomus_cfhemicochliodon64160,hypostomus_faveolus27640,0.4854198089492207,0.29092149680384977,0.22365869424692955,55692.0
baryancistrus_beggini39227,hemiancistrus_cerrado66643,hypostomus_cfhemicochliodon64160,hypostomus_faveolus27640,0.47543338527463963,0.28873685235683677,0.23582976236852357,41072.0
aphanotorulus_emarginatus19719,hemiancistrus_fuliginosus61299,hypostomus_cfhemicochliodon64160,hypostomus_faveolus27640,0.6162170750653202,0.19004660687804534,0.1937363180566344,56644.0
baryancistrus_beggini39227,hemiancistrus_fuliginosus61299,hypostomus_cfhemicochliodon64160,hypostomus_faveolus27640,0.6029650109638669,0.19069978072266183,0.20633520831347127,41956.0
hemiancistrus_cerrado66643,hemiancistrus_fuliginosus61299,hypostomus_cfhemicochliodon64160,hypostomus_faveolus27640,0.509238081623901,0.21034951039954256,0.28041240797655637,55964.0
aphanotorulus_emarginatus19719,hemiancistrus_punctulatus60931,hypostomus_cfhemicochliodon64160,hypostomus_faveolus27640,0.6234477124183007,0.1840482026143791,0.19250408496732027,48960.0
baryancistrus_beggini39227,hemiancistrus_punctulatus60931,hypostomus_cfhemicochliodon64160,hypostomus_faveolus27640,0.6065266106442577,0.18820728291316527,0.20526610644257703,35700.0
hemiancistrus_cerrado66643,hemiancistrus_punctulatus60931,hypostomus_cfhemicochliodon64160,hypostomus_faveolus27640,0.5096656434082801,0.20886916120467933,0.28146519538704057,48212.0
hemiancistrus_fuliginosus61299,hemiancistrus_punctulatus60931,hypostomus_cfhemicochliodon64160,hypostomus_faveolus27640,0.8273074423139422,0.0848228794280143,0.08786967825804355,49232.0
aphanotorulus_emarginatus19719,hypancistrus_sp61759,hypostomus_cfhemicochliodon64160,hypostomus_faveolus27640,0.8531832486080853,0.07530460743968369,0.0715121439522311,49572.0
baryancistrus_beggini39227,hypancistrus_sp61759,hypostomus_cfhemicochliodon64160,hypostomus_faveolus27640,0.7713276680278115,0.11475002759077364,0.11392230438141486,36244.0
hemiancistrus_cerrado66643,hypancistrus_sp61759,hypostomus_cfhemicochliodon64160,hypostomus_faveolus27640,0.4962470425063229,0.21797748225503794,0.28577547523863917,49028.0
hemiancistrus_fuliginosus61299,hypancistrus_sp61759,hypostomus_cfhemicochliodon64160,hypostomus_faveolus27640,0.6245568090249799,0.18974617244157937,0.18569701853344078,49640.0
hemiancistrus_punctulatus60931,hypancistrus_sp61759,hypostomus_cfhemicochliodon64160,hypostomus_faveolus27640,0.6320514010020412,0.18533123028391169,0.18261736871404713,43112.0
aphanotorulus_emarginatus19719,hypostomus_cf_gymnorhynchus80910,hypostomus_cfhemicochliodon64160,hypostomus_faveolus27640,0.5247354171794241,0.2426983345639511,0.23256624825662484,48756.0
baryancistrus_beggini39227,hypostomus_cf_gymnorhynchus80910,hypostomus_cfhemicochliodon64160,hypostomus_faveolus27640,0.5171286905566824,0.24405566824430922,0.23881564119900833,35496.0
hemiancistrus_cerrado66643,hypostomus_cf_gymnorhynchus80910,hypostomus_cfhemicochliodon64160,hypostomus_faveolus27640,0.5493225380039656,0.20648132848645076,0.2441961335095836,48416.0
hemiancistrus_fuliginosus61299,hypostomus_cf_gymnorhynchus80910,hypostomus_cfhemicochliodon64160,hypostomus_faveolus27640,0.5450571895424836,0.23419117647058824,0.2207516339869281,48960.0
hemiancistrus_punctulatus60931,hypostomus_cf_gymnorhynchus80910,hypostomus_cfhemicochliodon64160,hypostomus_faveolus27640,0.5437182860364593,0.233673181732757,0.2226085322307837,42568.0
hypancistrus_sp61759,hypostomus_cf_gymnorhynchus80910,hypostomus_cfhemicochliodon64160,hypostomus_faveolus27640,0.537479255024894,0.24059561128526646,0.22192513368983957,43384.0
aphanotorulus_emarginatus19719,baryancistrus_beggini39227,hemiancistrus_cerrado66643,hypostomus_melanephelis54012,0.7334249166741735,0.1298531663814071,0.13672191694441943,44404.0
aphanotorulus_emarginatus19719,baryancistrus_beggini39227,hemiancistrus_fuliginosus61299,hypostomus_melanephelis54012,0.6576797385620915,0.1743287405052111,0.1679915209326974,45288.0
aphanotorulus_emarginatus19719,hemiancistrus_cerrado66643,hemiancistrus_fuliginosus61299,hypostomus_melanephelis54012,0.22320620555914675,0.5417420814479638,0.23505171299288946,61880.0
baryancistrus_beggini39227,hemiancistrus_cerrado66643,hemiancistrus_fuliginosus61299,hypostomus_melanephelis54012,0.2294296714119438,0.5352314441758439,0.23533888441221237,44676.0
aphanotorulus_emarginatus19719,baryancistrus_beggini39227,hemiancistrus_punctulatus60931,hypostomus_melanephelis54012,0.6390468313863331,0.18598159826320687,0.17497157035046004,38692.0
aphanotorulus_emarginatus19719,hemiancistrus_cerrado66643,hemiancistrus_punctulatus60931,hypostomus_melanephelis54012,0.2240967452971036,0.5385376231710959,0.23736563153180054,53584.0
baryancistrus_beggini39227,hemiancistrus_cerrado66643,hemiancistrus_punctulatus60931,hypostomus_melanephelis54012,0.22621803640955487,0.5382773860886036,0.23550457750184153,38012.0
aphanotorulus_emarginatus19719,hemiancistrus_fuliginosus61299,hemiancistrus_punctulatus60931,hypostomus_melanephelis54012,0.12381581846221634,0.14043107879856062,0.735753102739223,54468.0
baryancistrus_beggini39227,hemiancistrus_fuliginosus61299,hemiancistrus_punctulatus60931,hypostomus_melanephelis54012,0.11944988152879366,0.14476666323271867,0.7357834552384876,38828.0
hemiancistrus_cerrado66643,hemiancistrus_fuliginosus61299,hemiancistrus_punctulatus60931,hypostomus_melanephelis54012,0.10410948742674876,0.10772568800534085,0.7881648245679104,53924.0
aphanotorulus_emarginatus19719,baryancistrus_beggini39227,hypancistrus_sp61759,hypostomus_melanephelis54012,0.17468098350451292,0.6195404087560951,0.20577860773939205,38556.0
aphanotorulus_emarginatus19719,hemiancistrus_cerrado66643,hypancistrus_sp61759,hypostomus_melanephelis54012,0.08920820236491543,0.8350920520880107,0.07569974554707379,53448.0
baryancistrus_beggini39227,hemiancistrus_cerrado66643,hypancistrus_sp61759,hypostomus_melanephelis54012,0.1402310924369748,0.7378676470588236,0.12190126050420168,38080.0
aphanotorulus_emarginatus19719,hemiancistrus_fuliginosus61299,hypancistrus_sp61759,hypostomus_melanephelis54012,0.10909326041974579,0.7963161395211351,0.09459060005911912,54128.0
baryancistrus_beggini39227,hemiancistrus_fuliginosus61299,hypancistrus_sp61759,hypostomus_melanephelis54012,0.17199937971673732,0.657655329267032,0.17034529101623075,38692.0
hemiancistrus_cerrado66643,hemiancistrus_fuliginosus61299,hypancistrus_sp61759,hypostomus_melanephelis54012,0.23331842242600462,0.22554611198091404,0.5411354655930813,53652.0
aphanotorulus_emarginatus19719,hemiancistrus_punctulatus60931,hypancistrus_sp61759,hypostomus_melanephelis54012,0.1162947937795808,0.7821374239350912,0.10156778228532792,47328.0
baryancistrus_beggini39227,hemiancistrus_punctulatus60931,hypancistrus_sp61759,hypostomus_melanephelis54012,0.1772792620103031,0.6393015454654367,0.1834191925242602,33388.0
hemiancistrus_cerrado66643,hemiancistrus_punctulatus60931,hypancistrus_sp61759,hypostomus_melanephelis54012,0.23629292757565454,0.22755865351921115,0.5361484189051343,47056.0
hemiancistrus_fuliginosus61299,hemiancistrus_punctulatus60931,hypancistrus_sp61759,hypostomus_melanephelis54012,0.7398173861819406,0.12345367331481949,0.13672894050323992,47532.0
aphanotorulus_emarginatus19719,baryancistrus_beggini39227,hypostomus_cf_gymnorhynchus80910,hypostomus_melanephelis54012,0.737758346581876,0.12941176470588237,0.13282988871224166,37740.0
aphanotorulus_emarginatus19719,hemiancistrus_cerrado66643,hypostomus_cf_gymnorhynchus80910,hypostomus_melanephelis54012,0.33353469757607795,0.3345163482594578,0.33194895416446424,52972.0
baryancistrus_beggini39227,hemiancistrus_cerrado66643,hypostomus_cf_gymnorhynchus80910,hypostomus_melanephelis54012,0.33679667519181583,0.3377823955669224,0.3254209292412617,37536.0
aphanotorulus_emarginatus19719,hemiancistrus_fuliginosus61299,hypostomus_cf_gymnorhynchus80910,hypostomus_melanephelis54012,0.5407525842195285,0.23287722168513422,0.22637019409533726,53788.0
baryancistrus_beggini39227,hemiancistrus_fuliginosus61299,hypostomus_cf_gymnorhynchus80910,hypostomus_melanephelis54012,0.527841741678878,0.2396116809713209,0.23254657734980114,38216.0
hemiancistrus_cerrado66643,hemiancistrus_fuliginosus61299,hypostomus_cf_gymnorhynchus80910,hypostomus_melanephelis54012,0.33713282009118767,0.33018162792435907,0.33268555198445326,53516.0
aphanotorulus_emarginatus19719,hemiancistrus_punctulatus60931,hypostomus_cf_gymnorhynchus80910,hypostomus_melanephelis54012,0.5462002720163209,0.2203544712682761,0.23344525671540292,47056.0
baryancistrus_beggini39227,hemiancistrus_punctulatus60931,hypostomus_cf_gymnorhynchus80910,hypostomus_melanephelis54012,0.538758981853611,0.22402874193155523,0.23721227621483376,32844.0
hemiancistrus_cerrado66643,hemiancistrus_punctulatus60931,hypostomus_cf_gymnorhynchus80910,hypostomus_melanephelis54012,0.3417306052855925,0.32478687127024725,0.3334825234441603,46920.0
hemiancistrus_fuliginosus61299,hemiancistrus_punctulatus60931,hypostomus_cf_gymnorhynchus80910,hypostomus_melanephelis54012,0.7940755098601044,0.10062363054104163,0.10530085959885387,47464.0
aphanotorulus_emarginatus19719,hypancistrus_sp61759,hypostomus_cf_gymnorhynchus80910,hypostomus_melanephelis54012,0.8331841432225064,0.08218243819266838,0.08463341858482523,46920.0
baryancistrus_beggini39227,hypancistrus_sp61759,hypostomus_cf_gymnorhynchus80910,hypostomus_melanephelis54012,0.7481844589687727,0.12881263616557734,0.12300290486564996,33048.0
hemiancistrus_cerrado66643,hypancistrus_sp61759,hypostomus_cf_gymnorhynchus80910,hypostomus_melanephelis54012,0.3343406827275049,0.3252532561505065,0.34040606112198857,46988.0
hemiancistrus_fuliginosus61299,hypancistrus_sp61759,hypostomus_cf_gymnorhynchus80910,hypostomus_melanephelis54012,0.533553076402975,0.22973715348208248,0.23670977011494254,47328.0
hemiancistrus_punctulatus60931,hypancistrus_sp61759,hypostomus_cf_gymnorhynchus80910,hypostomus_melanephelis54012,0.5352368220015279,0.23495989304812834,0.22980328495034377,41888.0
aphanotorulus_emarginatus19719,baryancistrus_beggini39227,hypostomus_cfhemicochliodon64160,hypostomus_melanephelis54012,0.6957876370887338,0.15176969092721834,0.15244267198404785,40120.0
aphanotorulus_emarginatus19719,hemiancistrus_cerrado66643,hypostomus_cfhemicochliodon64160,hypostomus_melanephelis54012,0.2736627739331027,0.4455017301038062,0.2808354959630911,55488.0
baryancistrus_beggini39227,hemiancistrus_cerrado66643,hypostomus_cfhemicochliodon64160,hypostomus_melanephelis54012,0.28127518130539886,0.4356365834004835,0.28308823529411764,39712.0
aphanotorulus_emarginatus19719,hemiancistrus_fuliginosus61299,hypostomus_cfhemicochliodon64160,hypostomus_melanephelis54012,0.446119773210489,0.297909284195606,0.255970942593905,56440.0
baryancistrus_beggini39227,hemiancistrus_fuliginosus61299,hypostomus_cfhemicochliodon64160,hypostomus_melanephelis54012,0.4397157853040206,0.30114874232521294,0.2591354723707665,40392.0
hemiancistrus_cerrado66643,hemiancistrus_fuliginosus61299,hypostomus_cfhemicochliodon64160,hypostomus_melanephelis54012,0.29858866623572505,0.284205990088343,0.41720534367593193,55692.0
aphanotorulus_emarginatus19719,hemiancistrus_punctulatus60931,hypostomus_cfhemicochliodon64160,hypostomus_melanephelis54012,0.44683731233079005,0.288949052424317,0.26421363524489294,48756.0
baryancistrus_beggini39227,hemiancistrus_punctulatus60931,hypostomus_cfhemicochliodon64160,hypostomus_melanephelis54012,0.4418781429072623,0.29461466495146765,0.26350719214127005,34204.0
hemiancistrus_cerrado66643,hemiancistrus_punctulatus60931,hypostomus_cfhemicochliodon64160,hypostomus_melanephelis54012,0.29796475552246215,0.27990816579796474,0.4221270786795731,48348.0
hemiancistrus_fuliginosus61299,hemiancistrus_punctulatus60931,hypostomus_cfhemicochliodon64160,hypostomus_melanephelis54012,0.7799828669331811,0.1062658072937913,0.11375132577302766,49028.0
aphanotorulus_emarginatus19719,hypancistrus_sp61759,hypostomus_cfhemicochliodon64160,hypostomus_melanephelis54012,0.8111315359477124,0.09611928104575164,0.09274918300653595,48960.0
baryancistrus_beggini39227,hypancistrus_sp61759,hypostomus_cfhemicochliodon64160,hypostomus_melanephelis54012,0.7009610930986568,0.152674849467346,0.14636405743399722,34544.0
hemiancistrus_cerrado66643,hypancistrus_sp61759,hypostomus_cfhemicochliodon64160,hypostomus_melanephelis54012,0.2702385849444673,0.28109831345125463,0.4486631016042781,48620.0
hemiancistrus_fuliginosus61299,hypancistrus_sp61759,hypostomus_cfhemicochliodon64160,hypostomus_melanephelis54012,0.4421351064697724,0.25446683527780045,0.30339805825242716,49028.0
hemiancistrus_punctulatus60931,hypancistrus_sp61759,hypostomus_cfhemicochliodon64160,hypostomus_melanephelis54012,0.4444444444444444,0.25957049486461253,0.29598506069094305,42840.0
aphanotorulus_emarginatus19719,hypostomus_cf_gymnorhynchus80910,hypostomus_cfhemicochliodon64160,hypostomus_melanephelis54012,0.2813451254627725,0.44981489099136157,0.2688399835458659,48620.0
baryancistrus_beggini39227,hypostomus_cf_gymnorhynchus80910,hypostomus_cfhemicochliodon64160,hypostomus_melanephelis54012,0.2851535036325287,0.44562924771502227,0.269217248652449,34136.0
hemiancistrus_cerrado66643,hypostomus_cf_gymnorhynchus80910,hypostomus_cfhemicochliodon64160,hypostomus_melanephelis54012,0.34194785908753406,0.3260663311607953,0.33198580975167064,48484.0
hemiancistrus_fuliginosus61299,hypostomus_cf_gymnorhynchus80910,hypostomus_cfhemicochliodon64160,hypostomus_melanephelis54012,0.3064983274863343,0.4210655135840744,0.2724361589295913,49028.0
hemiancistrus_punctulatus60931,hypostomus_cf_gymnorhynchus80910,hypostomus_cfhemicochliodon64160,hypostomus_melanephelis54012,0.2986855598023679,0.4342080730866039,0.26710636711102825,42908.0
hypancistrus_sp61759,hypostomus_cf_gymnorhynchus80910,hypostomus_cfhemicochliodon64160,hypostomus_melanephelis54012,0.2816350162112089,0.4470588235294118,0.27130616025937937,43180.0
aphanotorulus_emarginatus19719,baryancistrus_beggini39227,hypostomus_faveolus27640,hypostomus_melanephelis54012,0.6936192262139755,0.15063659692064746,0.15574417686537703,40528.0
aphanotorulus_emarginatus19719,hemiancistrus_cerrado66643,hypostomus_faveolus27640,hypostomus_melanephelis54012,0.2614178349472467,0.41292094233270704,0.3256612227200463,55352.0
baryancistrus_beggini39227,hemiancistrus_cerrado66643,hypostomus_faveolus27640,hypostomus_melanephelis54012,0.2640869479104773,0.4134482075658546,0.322464844523668,40392.0
aphanotorulus_emarginatus19719,hemiancistrus_fuliginosus61299,hypostomus_faveolus27640,hypostomus_melanephelis54012,0.45598956472017727,0.29583303552283613,0.24817739975698663,55964.0
baryancistrus_beggini39227,hemiancistrus_fuliginosus61299,hypostomus_faveolus27640,hypostomus_melanephelis54012,0.43709014387785067,0.3108299892336302,0.25207986688851913,40868.0
hemiancistrus_cerrado66643,hemiancistrus_fuliginosus61299,hypostomus_faveolus27640,hypostomus_melanephelis54012,0.2800769452035093,0.3307025744283043,0.3892204803681864,55624.0
aphanotorulus_emarginatus19719,hemiancistrus_punctulatus60931,hypostomus_faveolus27640,hypostomus_melanephelis54012,0.4586422804415884,0.2882476520019773,0.25311006755643434,48552.0
baryancistrus_beggini39227,hemiancistrus_punctulatus60931,hypostomus_faveolus27640,hypostomus_melanephelis54012,0.44473205142792127,0.299977244282626,0.2552907042894527,35156.0
hemiancistrus_cerrado66643,hemiancistrus_punctulatus60931,hypostomus_faveolus27640,hypostomus_melanephelis54012,0.2821327683615819,0.3298022598870056,0.3880649717514124,48144.0
hemiancistrus_fuliginosus61299,hemiancistrus_punctulatus60931,hypostomus_faveolus27640,hypostomus_melanephelis54012,0.7738329641480023,0.10591516941504635,0.12025186643695135,48756.0
aphanotorulus_emarginatus19719,hypancistrus_sp61759,hypostomus_faveolus27640,hypostomus_melanephelis54012,0.813180070359159,0.09287818047942403,0.093941749161417,48892.0
baryancistrus_beggini39227,hypancistrus_sp61759,hypostomus_faveolus27640,hypostomus_melanephelis54012,0.6973981900452488,0.15087669683257918,0.15172511312217193,35360.0
hemiancistrus_cerrado66643,hypancistrus_sp61759,hypostomus_faveolus27640,hypostomus_melanephelis54012,0.2592296332759045,0.32149889244400687,0.4192714742800886,48756.0
hemiancistrus_fuliginosus61299,hypancistrus_sp61759,hypostomus_faveolus27640,hypostomus_melanephelis54012,0.45445261437908496,0.24540441176470587,0.30014297385620914,48960.0
hemiancistrus_punctulatus60931,hypancistrus_sp61759,hypostomus_faveolus27640,hypostomus_melanephelis54012,0.45529692768827273,0.2533486324466092,0.291354439865118,42704.0
aphanotorulus_emarginatus19719,hypostomus_cf_gymnorhynchus80910,hypostomus_faveolus27640,hypostomus_melanephelis54012,0.289423396477235,0.4365653040877368,0.2740112994350282,48144.0
baryancistrus_beggini39227,hypostomus_cf_gymnorhynchus80910,hypostomus_faveolus27640,hypostomus_melanephelis54012,0.289109541454377,0.43946850393700787,0.2714219546086151,34544.0
hemiancistrus_cerrado66643,hypostomus_cf_gymnorhynchus80910,hypostomus_faveolus27640,hypostomus_melanephelis54012,0.3179212362911266,0.36858175473579263,0.31349700897308075,48144.0
hemiancistrus_fuliginosus61299,hypostomus_cf_gymnorhynchus80910,hypostomus_faveolus27640,hypostomus_melanephelis54012,0.304966586915271,0.4146110056925996,0.28042240739212937,48484.0
hemiancistrus_punctulatus60931,hypostomus_cf_gymnorhynchus80910,hypostomus_faveolus27640,hypostomus_melanephelis54012,0.30223774903219713,0.42408648852799546,0.2736757624398074,42364.0
hypancistrus_sp61759,hypostomus_cf_gymnorhynchus80910,hypostomus_faveolus27640,hypostomus_melanephelis54012,0.2909065524944155,0.43452159344750557,0.27457185405807893,42976.0
aphanotorulus_emarginatus19719,hypostomus_cfhemicochliodon64160,hypostomus_faveolus27640,hypostomus_melanephelis54012,0.24334593275061028,0.24051106386329632,0.5161430033860934,50796.0
baryancistrus_beggini39227,hypostomus_cfhemicochliodon64160,hypostomus_faveolus27640,hypostomus_melanephelis54012,0.24283698719340135,0.24848057304102453,0.5086824397655741,36856.0
hemiancistrus_cerrado66643,hypostomus_cfhemicochliodon64160,hypostomus_faveolus27640,hypostomus_melanephelis54012,0.19787537656572063,0.2667472649437133,0.535377358490566,50456.0
hemiancistrus_fuliginosus61299,hypostomus_cfhemicochliodon64160,hypostomus_faveolus27640,hypostomus_melanephelis54012,0.23890677766433677,0.23507814340689548,0.5260150789287678,50932.0
hemiancistrus_punctulatus60931,hypostomus_cfhemicochliodon64160,hypostomus_faveolus27640,hypostomus_melanephelis54012,0.24308891507296293,0.23234840931750203,0.5245626756095351,44132.0
hypancistrus_sp61759,hypostomus_cfhemicochliodon64160,hypostomus_faveolus27640,hypostomus_melanephelis54012,0.24066612946548482,0.230302623332438,0.5290312472020772,44676.0
hypostomus_cf_gymnorhynchus80910,hypostomus_cfhemicochliodon64160,hypostomus_faveolus27640,hypostomus_melanephelis54012,0.20738891887030042,0.22126281705342687,0.5713482640762727,44472.0
aphanotorulus_emarginatus19719,baryancistrus_beggini39227,hemiancistrus_cerrado66643,hypostomus_sp50059,0.6929841704123509,0.1475718194254446,0.1594440101622044,40936.0
aphanotorulus_emarginatus19719,baryancistrus_beggini39227,hemiancistrus_fuliginosus61299,hypostomus_sp50059,0.6497390891840608,0.17753795066413663,0.17272296015180266,42160.0
aphanotorulus_emarginatus19719,hemiancistrus_cerrado66643,hemiancistrus_fuliginosus61299,hypostomus_sp50059,0.2468217427157779,0.4267111050027488,0.3264671522814733,58208.0
baryancistrus_beggini39227,hemiancistrus_cerrado66643,hemiancistrus_fuliginosus61299,hypostomus_sp50059,0.25481327399380804,0.409031540247678,0.33615518575851394,41344.0
aphanotorulus_emarginatus19719,baryancistrus_beggini39227,hemiancistrus_punctulatus60931,hypostomus_sp50059,0.6341843428821342,0.18926306582112398,0.17655259129674175,36584.0
aphanotorulus_emarginatus19719,hemiancistrus_cerrado66643,hemiancistrus_punctulatus60931,hypostomus_sp50059,0.2526844070961718,0.43102240896358546,0.31629318394024275,51408.0
baryancistrus_beggini39227,hemiancistrus_cerrado66643,hemiancistrus_punctulatus60931,hypostomus_sp50059,0.2592156862745098,0.418375350140056,0.3224089635854342,35700.0
aphanotorulus_emarginatus19719,hemiancistrus_fuliginosus61299,hemiancistrus_punctulatus60931,hypostomus_sp50059,0.1153611703748857,0.12911459920755866,0.7555242304175557,52496.0
baryancistrus_beggini39227,hemiancistrus_fuliginosus61299,hemiancistrus_punctulatus60931,hypostomus_sp50059,0.11298884194561802,0.12902177445563862,0.7579893835987433,36924.0
hemiancistrus_cerrado66643,hemiancistrus_fuliginosus61299,hemiancistrus_punctulatus60931,hypostomus_sp50059,0.1152508309499884,0.11101878333462163,0.77373038571539,51748.0
